25.0000 9.0000 15.0000 0
25.2578 9.0511 14.6899 1
26.0000 46.0000 8.0000 0
26.1713 46.3705 7.0816 1
34.0000 11.0000 24.0000 0
33.8160 11.0302 23.4777 1
6.0000 4.0000 19.0000 0
6.0418 4.0290 19.0555 1
14.0000 18.0000 48.0000 0
13.5979 17.4351 48.7025 1
26.0000 38.0000 32.0000 0
26.2407 38.3857 32.3640 1
38.0000 38.0000 40.0000 0
38.0785 37.9691 40.4245 1
7.0000 31.0000 15.0000 0
7.3407 30.6704 15.0550 1
17.0000 45.0000 25.0000 0
16.8917 44.9615 25.1948 1
20.0000 30.0000 38.0000 0
20.6805 29.0842 38.1188 1
46.0000 43.0000 42.0000 0
45.7907 42.9348 42.6391 1
33.0000 37.0000 29.0000 0
33.2846 37.0650 29.0661 1
19.0000 17.0000 10.0000 0
16.9737 18.8948 9.5906 1
41.0000 20.0000 23.0000 0
41.2471 20.5199 22.9154 1
48.0000 6.0000 10.0000 0
48.0934 6.1594 10.3463 1
47.0000 36.0000 20.0000 0
47.0793 35.8472 19.6649 1
38.0000 37.0000 47.0000 0
38.5393 36.8195 47.1761 1
1.0000 16.0000 37.0000 0
0.3823 15.2575 37.2828 1
12.0000 29.0000 2.0000 0
12.7338 28.9399 2.2322 1
47.0000 16.0000 3.0000 0
46.9627 16.0002 2.9670 1
22.0000 45.0000 28.0000 0
22.0790 44.9851 28.0876 1
6.0000 28.0000 12.0000 0
5.5311 28.0590 11.2206 1
24.0000 12.0000 23.0000 0
23.9057 10.8428 23.5632 1
20.0000 43.0000 21.0000 0
20.1359 42.9936 21.1893 1
18.0000 19.0000 2.0000 0
17.7777 18.5079 1.4283 1
8.0000 26.0000 34.0000 0
8.1595 25.9604 34.0124 1
5.0000 20.0000 38.0000 0
5.1990 19.8336 38.5556 1
12.0000 17.0000 11.0000 0
13.1499 17.7542 10.7017 1
15.0000 15.0000 43.0000 0
14.6670 14.7876 43.1637 1
2.0000 32.0000 20.0000 0
1.8835 32.6944 20.0102 1
33.0000 36.0000 46.0000 0
32.7267 35.4757 46.0430 1
11.0000 41.0000 47.0000 0
10.6536 40.7592 46.9360 1
38.0000 21.0000 33.0000 0
39.1030 20.7733 32.7260 1
40.0000 8.0000 14.0000 0
40.5138 7.4746 13.1921 1
7.0000 42.0000 37.0000 0
7.0823 42.0243 36.9955 1
10.0000 7.0000 14.0000 0
9.8136 6.6053 14.1121 1
39.0000 11.0000 28.0000 0
39.6584 11.1133 28.1355 1
35.0000 10.0000 49.0000 0
34.8519 10.0830 49.1818 1
12.0000 21.0000 37.0000 0
12.6307 21.1447 37.0249 1
42.0000 44.0000 48.0000 0
41.9655 43.9313 47.6759 1
19.0000 21.0000 6.0000 0
20.3473 21.1179 6.5407 1
22.0000 12.0000 48.0000 0
22.0751 12.4430 47.6364 1
32.0000 30.0000 12.0000 0
31.9069 30.1476 11.6309 1
22.0000 39.0000 4.0000 0
22.3066 38.9461 3.7513 1
23.0000 7.0000 12.0000 0
22.7180 6.9271 12.4440 1
46.0000 30.0000 48.0000 0
45.6096 29.1043 48.1900 1
23.0000 39.0000 36.0000 0
22.8561 38.9572 35.2279 1
19.0000 24.0000 26.0000 0
20.7108 23.9616 26.2201 1
5.0000 29.0000 17.0000 0
5.7336 29.1280 16.2509 1
7.0000 38.0000 35.0000 0
6.8535 37.7477 34.6839 1
22.0000 35.0000 5.0000 0
22.5867 34.9734 4.4451 1
47.0000 27.0000 36.0000 0
46.8661 27.1166 36.4760 1
28.0000 31.0000 38.0000 0
27.7167 31.1249 37.5607 1
9.0000 15.0000 14.0000 0
9.5109 14.4422 14.0266 1
34.0000 14.0000 28.0000 0
33.5682 14.6504 28.4862 1
21.0000 15.0000 22.0000 0
21.3866 15.6306 21.8826 1
28.0000 24.0000 30.0000 0
28.0581 24.6209 29.8708 1
20.0000 6.0000 13.0000 0
19.8948 5.8532 13.0994 1
2.0000 48.0000 6.0000 0
2.0796 47.8929 6.1192 1
19.0000 32.0000 17.0000 0
18.2539 31.4059 16.4851 1
27.0000 18.0000 28.0000 0
26.7138 18.0334 27.1973 1
23.0000 8.0000 30.0000 0
23.1182 7.7778 30.1038 1
8.0000 27.0000 14.0000 0
7.3740 27.3316 13.9023 1
43.0000 41.0000 41.0000 0
43.1812 40.6096 40.9708 1
44.0000 29.0000 26.0000 0
43.7147 28.6592 25.7532 1
8.0000 32.0000 34.0000 0
7.8585 32.1358 33.9142 1
13.0000 5.0000 40.0000 0
13.3336 5.2575 40.5394 1
9.0000 21.0000 17.0000 0
9.2625 20.9156 17.3669 1
41.0000 7.0000 13.0000 0
41.5515 6.7607 12.1820 1
9.0000 24.0000 19.0000 0
9.2007 24.0904 19.3349 1
25.0000 25.0000 17.0000 0
24.8003 24.7408 16.1792 1
26.0000 6.0000 25.0000 0
25.5230 5.8894 24.2068 1
30.0000 36.0000 27.0000 0
30.3762 36.5128 27.1239 1
17.0000 39.0000 29.0000 0
16.8272 38.7328 29.0820 1
13.0000 33.0000 27.0000 0
13.2640 32.6887 26.9904 1
39.0000 43.0000 44.0000 0
39.3966 42.9930 43.8104 1
3.0000 39.0000 44.0000 0
2.6180 38.8359 44.2173 1
32.0000 8.0000 15.0000 0
32.3215 8.7859 15.6938 1
8.0000 14.0000 41.0000 0
7.7674 14.4415 40.6413 1
26.0000 2.0000 10.0000 0
26.5951 2.0041 10.2468 1
1.0000 18.0000 30.0000 0
1.3233 18.1843 30.7445 1
25.0000 27.0000 8.0000 0
24.5548 26.9748 7.4837 1
40.0000 2.0000 1.0000 0
40.1099 1.7878 1.2365 1
19.0000 30.0000 1.0000 0
19.3765 29.5413 1.1849 1
31.0000 45.0000 18.0000 0
30.6071 45.3821 18.2799 1
36.0000 19.0000 48.0000 0
35.7273 19.3337 47.7738 1
29.0000 6.0000 11.0000 0
29.8398 5.8323 11.2757 1
39.0000 43.0000 36.0000 0
38.8311 43.1272 35.7632 1
1.0000 36.0000 20.0000 0
1.2196 36.2064 19.8783 1
18.0000 10.0000 9.0000 0
17.9034 9.8979 9.2556 1
4.0000 6.0000 8.0000 0
4.1136 6.3534 8.4131 1
39.0000 2.0000 39.0000 0
39.2783 1.9940 38.9765 1
29.0000 20.0000 11.0000 0
29.1380 20.0557 10.3849 1
9.0000 30.0000 16.0000 0
10.2689 29.7718 16.1011 1
30.0000 47.0000 19.0000 0
30.4580 46.8079 18.9090 1
9.0000 15.0000 3.0000 0
9.3398 14.8581 2.9912 1
7.0000 1.0000 43.0000 0
7.2047 1.3522 43.0344 1
47.0000 31.0000 47.0000 0
46.7007 30.3466 47.0984 1
31.0000 2.0000 17.0000 0
31.1466 2.0971 16.5256 1
7.0000 5.0000 10.0000 0
7.3434 5.3517 9.8067 1
4.0000 1.0000 46.0000 0
4.4090 1.1906 45.6009 1
45.0000 44.0000 42.0000 0
44.6959 44.6131 41.9489 1
7.0000 8.0000 3.0000 0
7.4420 7.9829 3.1353 1
32.0000 36.0000 5.0000 0
31.1368 35.1776 5.6495 1
8.0000 5.0000 6.0000 0
8.2079 4.9825 5.8366 1
1.0000 37.0000 47.0000 0
1.2670 37.0986 46.7044 1
1.0000 32.0000 5.0000 0
1.0968 31.9285 4.9108 1
21.0000 15.0000 1.0000 0
21.1349 14.4061 0.5864 1
43.0000 37.0000 25.0000 0
43.6683 36.9673 24.2509 1
8.0000 37.0000 43.0000 0
8.4056 36.5774 43.0252 1
24.0000 43.0000 36.0000 0
24.1093 43.2349 36.0121 1
12.0000 3.0000 30.0000 0
12.3376 2.9298 29.8209 1
43.0000 25.0000 33.0000 0
42.8520 24.4332 32.8123 1
48.0000 30.0000 24.0000 0
48.1235 29.8668 23.8504 1
29.0000 44.0000 2.0000 0
28.5915 44.2921 2.5021 1
43.0000 5.0000 25.0000 0
43.1065 4.9583 25.0137 1
28.0000 0.0000 19.0000 0
27.8147 0.0427 18.5836 1
23.0000 9.0000 25.0000 0
23.1401 9.0683 25.2129 1
38.0000 17.0000 34.0000 0
38.1947 16.5776 34.0940 1
45.0000 33.0000 35.0000 0
45.3539 33.1908 34.8823 1
21.0000 1.0000 10.0000 0
20.8265 1.0189 10.3660 1
46.0000 25.0000 10.0000 0
46.3638 25.0211 9.9814 1
32.0000 6.0000 13.0000 0
31.7545 5.6589 12.5791 1
16.0000 34.0000 2.0000 0
16.2800 33.7431 1.9992 1
47.0000 37.0000 43.0000 0
46.6741 37.0963 43.3492 1
31.0000 12.0000 31.0000 0
30.2943 11.7244 30.3298 1
42.0000 12.0000 35.0000 0
42.4531 12.0771 34.6099 1
17.0000 2.0000 24.0000 0
17.2289 2.0087 23.8646 1
44.0000 12.0000 26.0000 0
43.8455 11.8713 26.1657 1
24.0000 42.0000 17.0000 0
23.9005 42.0603 16.9167 1
6.0000 11.0000 6.0000 0
5.3033 11.0445 5.7661 1
18.0000 10.0000 21.0000 0
17.5627 9.3758 20.9624 1
41.0000 25.0000 40.0000 0
42.0769 25.4323 39.7777 1
20.0000 43.0000 35.0000 0
20.3550 43.2667 34.9705 1
32.0000 28.0000 47.0000 0
31.6649 27.4386 46.2676 1
23.0000 26.0000 18.0000 0
23.2946 26.3875 19.1385 1
16.0000 0.0000 48.0000 0
15.9712 0.0313 47.9386 1
21.0000 9.0000 8.0000 0
21.2235 8.9824 8.1085 1
26.0000 28.0000 15.0000 0
25.0745 27.5610 14.7790 1
17.0000 8.0000 21.0000 0
16.6544 7.4571 21.0324 1
12.0000 10.0000 35.0000 0
12.0672 10.0202 35.1170 1
11.0000 10.0000 21.0000 0
10.8921 9.7126 21.5800 1
38.0000 41.0000 12.0000 0
38.3417 41.2092 12.5434 1
0.0000 25.0000 17.0000 0
-0.2940 25.2998 17.0857 1
4.0000 35.0000 13.0000 0
3.9284 34.8924 13.0976 1
17.0000 26.0000 43.0000 0
18.7034 25.7478 42.0837 1
15.0000 4.0000 22.0000 0
14.7648 4.1207 22.3241 1
18.0000 23.0000 41.0000 0
16.7331 22.4607 40.8291 1
1.0000 44.0000 10.0000 0
0.8997 44.0891 9.9847 1
31.0000 6.0000 12.0000 0
30.5863 5.5023 12.6388 1
29.0000 32.0000 41.0000 0
28.4155 31.0853 40.7163 1
41.0000 8.0000 10.0000 0
41.2832 8.0205 10.0093 1
31.0000 21.0000 28.0000 0
32.4607 20.4493 27.6858 1
4.0000 19.0000 35.0000 0
3.5621 18.6886 34.3486 1
25.0000 39.0000 43.0000 0
25.1606 38.9883 42.9718 1
5.0000 32.0000 27.0000 0
5.1157 31.4968 26.6436 1
36.0000 22.0000 41.0000 0
36.7877 21.5063 40.9303 1
38.0000 19.0000 41.0000 0
37.5791 19.5978 41.0142 1
31.0000 30.0000 22.0000 0
31.4518 30.2264 21.1306 1
11.0000 12.0000 24.0000 0
11.2803 12.3538 23.6261 1
31.0000 4.0000 7.0000 0
30.8976 4.0321 6.6126 1
3.0000 35.0000 42.0000 0
2.8998 34.8320 41.8889 1
48.0000 32.0000 47.0000 0
48.3394 32.6229 46.7485 1
17.0000 28.0000 31.0000 0
16.1081 27.8934 32.9283 1
47.0000 45.0000 21.0000 0
47.1712 45.0946 21.1275 1
29.0000 42.0000 20.0000 0
28.8991 41.6771 20.1050 1
14.0000 41.0000 32.0000 0
13.8268 40.6617 31.9758 1
44.0000 29.0000 19.0000 0
44.3005 28.7886 18.8671 1
23.0000 9.0000 6.0000 0
23.4285 8.9291 6.2630 1
23.0000 34.0000 49.0000 0
23.0875 33.4998 48.4091 1
36.0000 48.0000 33.0000 0
35.8488 47.6719 33.0261 1
35.0000 18.0000 4.0000 0
36.3533 17.0293 3.5154 1
2.0000 1.0000 27.0000 0
2.0314 1.2230 26.9849 1
48.0000 17.0000 41.0000 0
48.1472 17.0787 41.1608 1
6.0000 19.0000 39.0000 0
5.3372 19.4897 38.3015 1
5.0000 37.0000 26.0000 0
5.2774 36.9981 25.9841 1
8.0000 42.0000 47.0000 0
7.6650 42.0241 46.9488 1
18.0000 25.0000 6.0000 0
16.1585 24.9615 5.1614 1
43.0000 41.0000 32.0000 0
43.1885 41.0220 32.0047 1
48.0000 47.0000 25.0000 0
47.8671 46.8439 24.6725 1
7.0000 15.0000 26.0000 0
6.6027 15.1503 26.7241 1
43.0000 36.0000 37.0000 0
43.4552 36.1877 36.8344 1
15.0000 29.0000 4.0000 0
14.5820 29.2453 3.8977 1
19.0000 6.0000 29.0000 0
19.9720 6.1771 28.8101 1
25.0000 15.0000 44.0000 0
24.3783 15.0467 44.2361 1
33.0000 38.0000 45.0000 0
32.8661 37.6455 45.1544 1
39.0000 18.0000 27.0000 0
38.8055 17.9752 27.1531 1
19.0000 38.0000 37.0000 0
19.0688 37.9121 37.0556 1
31.0000 12.0000 40.0000 0
31.3028 11.8558 40.0444 1
1.0000 23.0000 22.0000 0
0.8412 22.5452 22.0537 1
24.0000 16.0000 12.0000 0
25.1891 16.1353 13.0815 1
22.0000 19.0000 45.0000 0
21.4745 17.8965 46.4081 1
43.0000 25.0000 10.0000 0
43.4021 25.0359 9.9959 1
45.0000 9.0000 9.0000 0
44.7213 8.6738 8.4471 1
37.0000 42.0000 40.0000 0
37.3827 42.1167 40.0253 1
41.0000 45.0000 17.0000 0
40.6293 44.8035 17.0734 1
47.0000 17.0000 34.0000 0
46.7683 16.7518 34.0193 1
42.0000 21.0000 32.0000 0
43.0016 21.0220 31.9045 1
12.0000 2.0000 19.0000 0
11.8625 1.6927 19.1976 1
31.0000 21.0000 37.0000 0
29.9437 21.7795 37.2030 1
3.0000 28.0000 20.0000 0
2.7221 27.4971 20.4969 1
0.0000 27.0000 47.0000 0
0.0253 27.0025 47.0250 1
44.0000 41.0000 37.0000 0
44.2906 41.0374 36.9827 1
47.0000 37.0000 43.0000 0
46.6741 37.0963 43.3492 1
39.0000 42.0000 18.0000 0
39.1725 42.0073 17.9859 1
5.0000 9.0000 14.0000 0
5.1331 9.0821 13.9827 1
27.0000 36.0000 18.0000 0
26.7832 36.8363 18.4612 1
23.0000 22.0000 34.0000 0
23.1932 22.0748 33.9766 1
34.0000 3.0000 9.0000 0
34.3518 3.0229 8.7584 1
39.0000 15.0000 40.0000 0
39.0313 14.9756 40.2016 1
26.0000 45.0000 6.0000 0
26.2075 44.7821 5.9865 1
1.0000 36.0000 4.0000 0
1.1141 36.0267 4.0637 1
35.0000 30.0000 22.0000 0
35.8494 30.1864 22.2472 1
16.0000 31.0000 44.0000 0
15.7428 31.4952 44.1049 1
46.0000 36.0000 23.0000 0
45.4272 35.9467 22.7639 1
4.0000 34.0000 32.0000 0
3.8122 34.4507 31.4008 1
6.0000 8.0000 24.0000 0
6.6127 8.0040 24.5125 1
27.0000 13.0000 33.0000 0
26.8885 12.0701 33.1179 1
46.0000 27.0000 46.0000 0
46.2757 27.0293 45.8423 1
34.0000 38.0000 2.0000 0
33.7662 37.8495 1.3602 1
47.0000 30.0000 40.0000 0
47.1810 30.0207 39.9716 1
12.0000 1.0000 11.0000 0
11.8530 0.8055 10.9563 1
43.0000 26.0000 22.0000 0
43.7500 25.9412 22.0981 1
16.0000 16.0000 2.0000 0
16.5102 16.6313 2.2787 1
16.0000 37.0000 5.0000 0
16.1925 36.8520 4.9466 1
13.0000 41.0000 37.0000 0
13.6209 40.7764 36.9369 1
19.0000 38.0000 36.0000 0
19.2168 38.3745 36.2695 1
38.0000 39.0000 4.0000 0
37.6979 38.9028 3.9177 1
43.0000 26.0000 40.0000 0
44.0942 26.5784 39.7553 1
4.0000 13.0000 18.0000 0
3.6754 13.1189 17.6032 1
24.0000 11.0000 1.0000 0
24.1214 10.7009 0.8036 1
1.0000 40.0000 26.0000 0
1.0904 39.8544 26.1060 1
31.0000 14.0000 25.0000 0
31.8544 14.7188 24.7914 1
43.0000 30.0000 16.0000 0
43.1359 29.7518 15.9841 1
32.0000 29.0000 14.0000 0
30.7321 28.1075 13.8407 1
35.0000 46.0000 33.0000 0
34.8049 45.7863 32.9892 1
30.0000 0.0000 41.0000 0
30.1079 0.0504 40.9561 1
35.0000 38.0000 4.0000 0
34.6929 37.8464 3.6939 1
43.0000 2.0000 30.0000 0
43.2148 1.9763 30.2027 1
40.0000 31.0000 44.0000 0
39.8415 31.3476 43.4927 1
21.0000 32.0000 12.0000 0
19.7365 34.5496 11.7750 1
16.0000 13.0000 12.0000 0
15.7941 12.5382 12.1036 1
43.0000 23.0000 23.0000 0
43.1234 23.8731 22.9790 1
3.0000 37.0000 1.0000 0
2.9017 36.8335 1.1889 1
5.0000 48.0000 18.0000 0
5.0377 48.0202 17.9974 1
30.0000 26.0000 33.0000 0
29.2607 25.4478 33.1453 1
22.0000 32.0000 31.0000 0
22.5568 30.8167 31.5756 1
7.0000 19.0000 33.0000 0
7.4208 18.8710 32.6452 1
25.0000 38.0000 22.0000 0
25.1245 38.6611 22.2502 1
27.0000 46.0000 27.0000 0
26.8899 45.9017 26.9996 1
37.0000 27.0000 36.0000 0
36.3554 26.7323 36.0567 1
38.0000 9.0000 37.0000 0
38.0913 8.9811 36.8751 1
29.0000 37.0000 11.0000 0
29.3441 38.3400 11.0684 1
39.0000 31.0000 6.0000 0
39.2279 31.0912 5.9821 1
49.0000 20.0000 47.0000 0
49.0638 19.9680 46.8822 1
45.0000 13.0000 31.0000 0
44.8711 12.9814 30.2676 1
35.0000 13.0000 1.0000 0
34.7715 12.6279 1.3264 1
16.0000 39.0000 36.0000 0
15.0554 39.3898 35.9231 1
6.0000 41.0000 42.0000 0
6.0187 41.1550 41.7797 1
15.0000 29.0000 16.0000 0
15.2511 29.0045 16.0845 1
20.0000 48.0000 20.0000 0
20.6287 47.9665 19.9469 1
31.0000 6.0000 35.0000 0
30.9499 6.1112 34.9461 1
43.0000 20.0000 46.0000 0
43.1075 19.9308 46.0545 1
9.0000 45.0000 8.0000 0
9.4628 44.8903 8.0915 1
41.0000 36.0000 48.0000 0
40.5030 36.4143 47.8595 1
44.0000 14.0000 49.0000 0
43.6737 13.9219 49.3356 1
49.0000 9.0000 1.0000 0
48.9313 8.9899 0.9649 1
39.0000 19.0000 17.0000 0
39.2232 18.7477 16.9565 1
7.0000 26.0000 2.0000 0
7.0563 26.0480 2.0176 1
18.0000 14.0000 40.0000 0
16.8358 14.4178 39.4725 1
37.0000 21.0000 34.0000 0
37.8071 20.6754 33.8289 1
26.0000 31.0000 30.0000 0
24.9525 31.1724 29.2250 1
5.0000 9.0000 11.0000 0
5.2762 9.0549 10.9823 1
31.0000 18.0000 21.0000 0
31.5500 17.6008 21.6737 1
42.0000 10.0000 17.0000 0
41.7779 9.8529 17.1669 1
44.0000 40.0000 41.0000 0
43.6482 40.8327 40.9065 1
14.0000 13.0000 2.0000 0
14.4628 13.4532 1.9981 1
39.0000 13.0000 17.0000 0
38.5684 12.7381 17.1373 1
28.0000 39.0000 38.0000 0
27.8601 39.1316 37.7045 1
27.0000 48.0000 19.0000 0
27.7199 47.4706 18.9815 1
44.0000 6.0000 34.0000 0
44.1147 5.9954 34.0643 1
23.0000 27.0000 43.0000 0
23.5480 27.2203 43.0580 1
19.0000 1.0000 39.0000 0
18.6766 1.3138 39.1246 1
28.0000 21.0000 13.0000 0
29.3866 20.6882 12.9781 1
2.0000 28.0000 37.0000 0
2.3413 28.0496 37.1740 1
25.0000 2.0000 16.0000 0
25.4177 1.8961 16.4797 1
47.0000 3.0000 12.0000 0
47.0654 2.8264 12.1644 1
48.0000 35.0000 45.0000 0
47.7993 35.8606 44.1598 1
42.0000 34.0000 49.0000 0
41.3203 34.5214 48.9599 1
12.0000 42.0000 47.0000 0
12.4771 42.3337 47.0476 1
28.0000 47.0000 19.0000 0
28.6711 46.5907 18.9511 1
42.0000 26.0000 25.0000 0
42.3209 25.9481 25.0754 1
39.0000 45.0000 18.0000 0
38.9098 45.1398 17.5535 1
14.0000 43.0000 2.0000 0
14.0485 43.0521 2.0447 1
4.0000 29.0000 9.0000 0
3.7467 29.1790 8.4423 1
46.0000 12.0000 33.0000 0
46.0540 11.8910 33.3805 1
21.0000 23.0000 9.0000 0
21.9042 23.7319 9.0302 1
41.0000 29.0000 33.0000 0
40.9020 28.6517 33.0297 1
11.0000 49.0000 40.0000 0
10.9787 48.9207 39.9658 1
15.0000 20.0000 34.0000 0
15.8704 21.4111 34.3100 1
35.0000 11.0000 17.0000 0
35.6385 11.1688 16.9437 1
7.0000 48.0000 13.0000 0
7.0883 47.7892 13.0868 1
36.0000 2.0000 20.0000 0
35.8686 2.5498 20.2382 1
37.0000 10.0000 41.0000 0
37.1615 10.1145 41.0362 1
32.0000 20.0000 5.0000 0
32.3932 20.2820 5.0795 1
18.0000 8.0000 3.0000 0
17.8385 7.9774 3.1712 1
35.0000 11.0000 26.0000 0
34.3465 10.4146 26.3188 1
24.0000 29.0000 46.0000 0
23.3583 28.7264 46.1205 1
39.0000 2.0000 27.0000 0
38.8438 1.9829 26.8714 1
21.0000 35.0000 19.0000 0
21.1926 35.1832 18.6440 1
45.0000 33.0000 35.0000 0
45.3539 33.1908 34.8823 1
47.0000 33.0000 49.0000 0
47.0751 32.5659 48.3923 1
29.0000 20.0000 4.0000 0
28.8435 19.2937 4.5119 1
3.0000 20.0000 34.0000 0
2.4976 19.4277 33.0110 1
15.0000 4.0000 1.0000 0
15.1823 3.9189 0.9625 1
13.0000 36.0000 41.0000 0
13.3363 36.4078 41.5459 1
18.0000 34.0000 23.0000 0
18.4287 34.3529 23.1463 1
33.0000 2.0000 11.0000 0
32.4622 1.7808 11.6438 1
35.0000 28.0000 21.0000 0
35.6511 28.0457 21.1335 1
49.0000 29.0000 30.0000 0
49.0208 29.0307 29.8207 1
36.0000 44.0000 45.0000 0
36.2578 43.9031 44.8582 1
6.0000 17.0000 2.0000 0
6.1921 16.8985 2.1613 1
34.0000 24.0000 31.0000 0
34.6342 24.0067 31.4577 1
48.0000 35.0000 2.0000 0
48.0414 34.9982 1.9447 1
45.0000 14.0000 48.0000 0
44.6787 13.9109 48.3496 1
17.0000 23.0000 44.0000 0
18.6298 23.0945 42.9179 1
30.0000 35.0000 18.0000 0
29.7420 34.1327 17.6375 1
39.0000 30.0000 24.0000 0
39.4790 29.9881 24.1554 1
11.0000 16.0000 16.0000 0
10.5251 15.5978 16.3495 1
22.0000 8.0000 36.0000 0
22.0455 7.7058 35.9884 1
0.0000 43.0000 33.0000 0
-0.1354 43.3487 33.0917 1
23.0000 10.0000 25.0000 0
23.1467 10.0395 25.1366 1
8.0000 27.0000 25.0000 0
7.9242 26.8136 25.1600 1
28.0000 10.0000 23.0000 0
28.2250 10.1773 22.9204 1
7.0000 45.0000 7.0000 0
6.6127 45.0862 6.9073 1
14.0000 17.0000 49.0000 0
14.2398 17.4563 48.4050 1
2.0000 16.0000 33.0000 0
1.7116 15.3287 32.4711 1
7.0000 37.0000 29.0000 0
6.8554 37.1982 29.2194 1
5.0000 7.0000 44.0000 0
4.8627 7.2929 44.0354 1
3.0000 29.0000 35.0000 0
2.8537 28.5670 35.3391 1
39.0000 29.0000 18.0000 0
40.0783 29.1230 17.9840 1
27.0000 43.0000 24.0000 0
27.1107 42.9272 24.0038 1
45.0000 35.0000 42.0000 0
44.4261 35.0965 42.4008 1
38.0000 47.0000 9.0000 0
38.0145 47.1335 8.9522 1
45.0000 1.0000 9.0000 0
44.8905 0.7616 8.7864 1
3.0000 21.0000 35.0000 0
2.9657 21.4208 35.2004 1
19.0000 15.0000 22.0000 0
19.5797 15.7247 21.9825 1
12.0000 10.0000 38.0000 0
11.6415 9.9415 38.5935 1
13.0000 23.0000 37.0000 0
12.6963 22.5083 36.7052 1
2.0000 26.0000 23.0000 0
2.4765 25.7836 22.9927 1
1.0000 1.0000 8.0000 0
1.3405 1.3727 7.9251 1
8.0000 3.0000 44.0000 0
8.5000 3.5453 44.0167 1
17.0000 0.0000 24.0000 0
17.0846 -0.5942 23.9956 1
5.0000 9.0000 13.0000 0
4.9709 8.7989 11.8309 1
38.0000 12.0000 2.0000 0
37.6267 12.2316 1.9749 1
26.0000 2.0000 17.0000 0
25.5257 2.1161 16.4160 1
9.0000 35.0000 43.0000 0
9.4706 34.6107 43.0353 1
28.0000 46.0000 6.0000 0
27.5698 45.8475 6.3974 1
41.0000 34.0000 33.0000 0
41.6188 33.9610 33.6243 1
2.0000 11.0000 27.0000 0
2.0253 10.8925 26.6387 1
8.0000 15.0000 23.0000 0
8.2061 14.9436 23.0642 1
21.0000 11.0000 13.0000 0
21.2369 10.9538 12.7974 1
17.0000 8.0000 31.0000 0
16.7744 8.2822 30.6404 1
42.0000 37.0000 27.0000 0
42.4564 37.0866 26.2214 1
49.0000 36.0000 27.0000 0
48.7135 36.0595 26.6917 1
30.0000 19.0000 31.0000 0
31.6809 17.3554 30.3534 1
10.0000 5.0000 43.0000 0
9.4542 4.5295 43.2437 1
36.0000 25.0000 48.0000 0
37.0692 24.7374 48.6572 1
18.0000 6.0000 29.0000 0
17.7090 5.9093 29.0208 1
26.0000 45.0000 9.0000 0
26.1339 45.7759 7.9764 1
48.0000 1.0000 20.0000 0
48.3731 0.7119 20.2268 1
2.0000 6.0000 27.0000 0
2.2678 5.9912 27.1627 1
2.0000 46.0000 13.0000 0
1.8829 45.8679 12.7636 1
30.0000 43.0000 26.0000 0
29.8918 43.0468 25.7696 1
43.0000 16.0000 11.0000 0
43.1654 16.1585 10.7135 1
7.0000 34.0000 6.0000 0
7.3284 33.8466 5.9965 1
20.0000 30.0000 27.0000 0
18.9485 32.0397 26.1627 1
8.0000 7.0000 20.0000 0
7.9657 6.3909 19.9055 1
37.0000 39.0000 8.0000 0
37.4029 39.0246 7.9927 1
6.0000 37.0000 13.0000 0
6.2459 37.3849 12.8324 1
48.0000 47.0000 18.0000 0
47.8986 46.8152 18.2360 1
40.0000 25.0000 42.0000 0
40.6134 25.1817 41.7905 1
26.0000 20.0000 36.0000 0
25.7702 20.5179 35.6448 1
20.0000 37.0000 19.0000 0
20.3282 35.8562 18.6430 1
41.0000 15.0000 15.0000 0
40.8205 14.7415 15.1939 1
11.0000 46.0000 32.0000 0
11.0694 45.8988 32.0449 1
23.0000 28.0000 5.0000 0
22.5157 28.1219 4.4351 1
27.0000 14.0000 37.0000 0
27.0813 14.1480 36.4774 1
32.0000 29.0000 48.0000 0
31.4723 28.1852 46.8541 1
7.0000 21.0000 36.0000 0
8.2811 21.3199 35.9822 1
49.0000 23.0000 46.0000 0
49.1126 22.4785 46.0866 1
31.0000 29.0000 9.0000 0
32.3595 29.9288 8.8795 1
13.0000 32.0000 27.0000 0
13.3294 31.6974 27.0072 1
24.0000 27.0000 6.0000 0
23.6217 27.1634 5.6097 1
28.0000 32.0000 42.0000 0
28.2642 31.9943 41.6701 1
7.0000 46.0000 25.0000 0
6.8781 45.5245 25.1797 1
12.0000 34.0000 46.0000 0
12.7418 33.5117 45.8557 1
37.0000 4.0000 10.0000 0
36.1063 3.6617 9.9135 1
47.0000 31.0000 10.0000 0
46.9516 30.8127 10.0573 1
18.0000 19.0000 9.0000 0
18.0411 18.8164 9.1845 1
37.0000 12.0000 17.0000 0
36.1466 11.7192 17.2223 1
4.0000 48.0000 36.0000 0
4.0420 48.0221 35.9101 1
32.0000 20.0000 5.0000 0
32.3932 20.2820 5.0795 1
4.0000 20.0000 39.0000 0
4.1601 20.0296 38.5217 1
41.0000 40.0000 17.0000 0
40.7394 40.4907 17.0728 1
28.0000 42.0000 33.0000 0
27.8703 41.6191 33.1173 1
45.0000 44.0000 20.0000 0
45.6860 44.2919 20.2784 1
41.0000 5.0000 19.0000 0
40.7843 5.3376 18.6868 1
29.0000 2.0000 23.0000 0
29.1645 2.1919 23.0145 1
1.0000 32.0000 0.0000 0
1.0788 32.2070 0.3082 1
47.0000 2.0000 19.0000 0
46.6559 2.2326 18.8455 1
36.0000 8.0000 28.0000 0
35.8496 8.4103 27.8312 1
19.0000 48.0000 20.0000 0
19.5566 47.9207 19.9782 1
35.0000 1.0000 22.0000 0
34.9489 1.4369 22.1735 1
34.0000 36.0000 0.0000 0
34.1982 35.8859 0.0502 1
17.0000 26.0000 9.0000 0
18.4806 25.8682 9.4259 1
20.0000 17.0000 39.0000 0
20.4521 17.9654 38.8131 1
26.0000 35.0000 46.0000 0
26.2358 35.7351 46.1702 1
35.0000 10.0000 20.0000 0
34.6800 9.9984 20.8456 1
14.0000 2.0000 29.0000 0
13.7211 2.0325 29.2185 1
48.0000 1.0000 31.0000 0
48.2410 0.8942 31.0361 1
38.0000 8.0000 46.0000 0
38.0828 8.0772 46.0105 1
6.0000 42.0000 25.0000 0
6.6080 41.7474 24.9725 1
14.0000 29.0000 15.0000 0
15.2235 28.8732 15.1078 1
31.0000 42.0000 14.0000 0
31.0380 41.8576 14.1035 1
13.0000 28.0000 42.0000 0
13.6605 27.6572 41.9255 1
20.0000 30.0000 29.0000 0
19.6944 29.9233 29.3676 1
13.0000 20.0000 6.0000 0
14.2450 20.3412 6.5395 1
29.0000 3.0000 21.0000 0
28.9725 3.1292 21.5808 1
44.0000 46.0000 41.0000 0
44.1670 45.6329 41.0892 1
14.0000 23.0000 12.0000 0
14.2592 22.2445 11.3643 1
8.0000 3.0000 22.0000 0
7.9146 3.1549 21.8990 1
25.0000 16.0000 14.0000 0
26.0423 16.2902 15.3593 1
16.0000 41.0000 41.0000 0
15.8597 41.1074 41.3082 1
37.0000 15.0000 7.0000 0
37.5965 14.5290 7.1978 1
3.0000 23.0000 36.0000 0
2.5875 24.4969 36.1132 1
8.0000 33.0000 6.0000 0
7.6865 33.1567 6.0513 1
42.0000 7.0000 12.0000 0
41.4828 7.0938 12.5846 1
1.0000 37.0000 28.0000 0
0.8364 37.2307 27.8094 1
22.0000 34.0000 5.0000 0
22.6160 33.9996 4.4310 1
7.0000 18.0000 6.0000 0
7.0675 18.0959 6.1646 1
14.0000 31.0000 18.0000 0
14.7402 30.4929 17.4848 1
43.0000 3.0000 20.0000 0
42.3412 3.3681 19.9231 1
6.0000 2.0000 41.0000 0
5.6978 1.9509 40.4391 1
45.0000 49.0000 15.0000 0
45.0695 48.8599 14.8620 1
44.0000 14.0000 27.0000 0
43.6845 13.8728 27.1657 1
40.0000 49.0000 22.0000 0
39.9331 49.2138 22.1568 1
17.0000 33.0000 45.0000 0
16.6353 33.5584 45.1479 1
18.0000 43.0000 8.0000 0
18.2199 43.0730 7.9871 1
1.0000 12.0000 30.0000 0
1.9118 11.9709 30.1327 1
43.0000 21.0000 32.0000 0
43.4790 20.9275 31.9806 1
10.0000 39.0000 7.0000 0
10.0543 38.9244 7.2624 1
18.0000 39.0000 21.0000 0
17.8235 39.5526 21.1909 1
30.0000 24.0000 10.0000 0
30.5678 23.8814 10.0720 1
5.0000 35.0000 20.0000 0
5.0209 34.8647 20.0977 1
19.0000 22.0000 9.0000 0
18.4748 22.1812 8.6079 1
25.0000 28.0000 14.0000 0
25.7087 28.0450 14.2764 1
18.0000 14.0000 34.0000 0
17.5985 12.8011 33.6899 1
43.0000 37.0000 8.0000 0
42.8993 37.0420 7.9871 1
20.0000 37.0000 0.0000 0
19.9317 37.3208 -0.3984 1
14.0000 11.0000 5.0000 0
14.0882 10.8643 4.8086 1
23.0000 31.0000 22.0000 0
23.2045 29.7036 21.6778 1
46.0000 27.0000 39.0000 0
46.3706 26.7083 39.2111 1
41.0000 0.0000 3.0000 0
40.8828 0.1701 2.7716 1
47.0000 11.0000 28.0000 0
46.7148 10.5884 28.1258 1
36.0000 2.0000 39.0000 0
36.3454 2.0345 38.9858 1
15.0000 10.0000 36.0000 0
15.7251 10.4125 35.9093 1
2.0000 8.0000 32.0000 0
1.9779 8.1388 31.8158 1
25.0000 33.0000 20.0000 0
25.2244 33.1389 19.4387 1
17.0000 3.0000 40.0000 0
17.4341 2.6633 39.9040 1
1.0000 11.0000 26.0000 0
0.8684 10.9788 25.6952 1
12.0000 19.0000 38.0000 0
12.4883 19.1116 37.9396 1
41.0000 43.0000 25.0000 0
41.1874 43.0995 25.0810 1
28.0000 18.0000 6.0000 0
27.7320 17.4077 6.4650 1
33.0000 16.0000 30.0000 0
33.7291 15.1501 29.6119 1
26.0000 42.0000 10.0000 0
25.8781 41.1126 10.3649 1
33.0000 13.0000 40.0000 0
33.4038 12.8376 40.0412 1
0.0000 28.0000 31.0000 0
-0.2798 28.1427 31.1720 1
4.0000 4.0000 6.0000 0
3.6083 3.5270 5.7495 1
25.0000 38.0000 28.0000 0
24.4275 38.1373 27.8245 1
6.0000 42.0000 28.0000 0
6.0409 42.1146 27.9239 1
33.0000 40.0000 40.0000 0
33.6536 40.1688 40.2044 1
29.0000 44.0000 32.0000 0
28.7764 43.7561 32.2413 1
1.0000 40.0000 33.0000 0
0.7661 40.4863 33.2209 1
31.0000 21.0000 19.0000 0
28.8780 22.0195 18.3308 1
15.0000 40.0000 10.0000 0
15.0790 40.0205 10.0028 1
35.0000 40.0000 10.0000 0
34.8838 40.5004 9.7289 1
3.0000 35.0000 30.0000 0
2.8260 35.3700 29.5532 1
8.0000 35.0000 49.0000 0
7.9154 34.9381 49.1946 1
20.0000 12.0000 31.0000 0
20.4353 11.8234 31.3258 1
17.0000 15.0000 2.0000 0
17.3939 15.5298 2.1809 1
45.0000 16.0000 40.0000 0
45.1857 16.0648 40.1039 1
8.0000 13.0000 21.0000 0
7.7770 12.5386 20.5638 1
15.0000 1.0000 6.0000 0
14.9585 1.0970 6.0316 1
24.0000 40.0000 10.0000 0
23.8318 39.1693 10.0567 1
42.0000 46.0000 41.0000 0
42.3862 45.8161 41.0399 1
28.0000 1.0000 12.0000 0
28.5886 1.0985 12.1014 1
39.0000 34.0000 31.0000 0
38.7229 34.0430 30.7396 1
32.0000 1.0000 13.0000 0
31.7878 0.7825 13.4280 1
18.0000 12.0000 39.0000 0
17.4807 10.7663 38.9720 1
0.0000 35.0000 16.0000 0
-0.0430 35.0242 15.8775 1
20.0000 5.0000 8.0000 0
19.9710 4.7403 8.0164 1
27.0000 29.0000 31.0000 0
25.3774 30.1959 30.1837 1
10.0000 19.0000 24.0000 0
10.2923 19.4634 24.0043 1
24.0000 5.0000 26.0000 0
24.4051 5.0537 26.6405 1
22.0000 38.0000 30.0000 0
22.1124 37.7073 29.8716 1
46.0000 38.0000 23.0000 0
46.3216 38.0278 23.2054 1
24.0000 45.0000 39.0000 0
24.1117 44.9206 39.0413 1
12.0000 35.0000 4.0000 0
12.7661 34.9674 3.7951 1
6.0000 11.0000 20.0000 0
6.4229 11.0072 19.6779 1
23.0000 46.0000 34.0000 0
23.0802 45.8496 34.1458 1
29.0000 38.0000 34.0000 0
29.1207 37.9936 33.9485 1
8.0000 23.0000 45.0000 0
8.3167 23.0135 44.9196 1
20.0000 19.0000 22.0000 0
19.1749 18.2185 22.3924 1
45.0000 41.0000 12.0000 0
45.0385 40.8635 12.0889 1
32.0000 13.0000 21.0000 0
31.0760 14.1104 20.5845 1
11.0000 10.0000 42.0000 0
11.3016 10.0222 42.2829 1
44.0000 32.0000 41.0000 0
44.7157 31.9251 40.9598 1
25.0000 47.0000 3.0000 0
24.7226 47.3018 2.4419 1
8.0000 14.0000 43.0000 0
8.1893 14.1111 43.0223 1
49.0000 18.0000 33.0000 0
48.6349 17.7965 33.0950 1
45.0000 32.0000 19.0000 0
45.2859 32.5773 19.2443 1
27.0000 46.0000 36.0000 0
26.8850 45.9360 36.0173 1
15.0000 22.0000 10.0000 0
13.1046 20.9642 9.7991 1
15.0000 22.0000 13.0000 0
14.6714 23.6378 14.5899 1
15.0000 24.0000 40.0000 0
14.5539 23.9341 39.1660 1
15.0000 25.0000 7.0000 0
16.0552 25.2642 7.1414 1
15.0000 25.0000 13.0000 0
17.8647 24.9349 12.8060 1
15.0000 27.0000 39.0000 0
14.9700 27.1752 38.6254 1
16.0000 20.0000 13.0000 0
14.0434 19.0807 12.8693 1
16.0000 20.0000 36.0000 0
14.4973 21.4359 37.1247 1
16.0000 21.0000 6.0000 0
15.6549 20.4410 5.9740 1
16.0000 21.0000 8.0000 0
16.8503 21.6545 8.1414 1
16.0000 21.0000 11.0000 0
13.4526 19.6966 10.5862 1
16.0000 21.0000 43.0000 0
16.7173 20.9899 42.4315 1
16.0000 23.0000 14.0000 0
17.3252 23.2858 13.6254 1
16.0000 23.0000 43.0000 0
14.7967 23.0587 43.7722 1
16.0000 24.0000 16.0000 0
12.9406 23.6417 16.8320 1
16.0000 24.0000 42.0000 0
15.7376 24.5049 41.4550 1
16.0000 25.0000 18.0000 0
18.2519 24.8045 17.1791 1
16.0000 26.0000 17.0000 0
15.9260 26.5910 16.5716 1
16.0000 27.0000 34.0000 0
14.7357 27.5358 33.7444 1
16.0000 28.0000 12.0000 0
17.8505 27.3755 12.1988 1
16.0000 28.0000 41.0000 0
14.9504 28.3820 41.4300 1
16.0000 29.0000 9.0000 0
15.8901 28.7440 8.2850 1
16.0000 29.0000 14.0000 0
17.1151 28.1239 14.0432 1
17.0000 19.0000 10.0000 0
16.5999 19.4779 10.2151 1
17.0000 19.0000 35.0000 0
18.9614 21.0425 35.3728 1
17.0000 22.0000 30.0000 0
18.2890 22.3769 30.5510 1
17.0000 22.0000 44.0000 0
15.8148 21.8920 44.8691 1
17.0000 23.0000 30.0000 0
15.3722 22.7799 29.3704 1
17.0000 25.0000 45.0000 0
15.7357 25.0185 45.7211 1
17.0000 26.0000 19.0000 0
14.2659 26.4699 20.2425 1
17.0000 28.0000 16.0000 0
16.7834 27.2844 16.2708 1
17.0000 29.0000 33.0000 0
16.2722 29.5363 32.8073 1
17.0000 29.0000 36.0000 0
18.0887 28.4292 36.0310 1
17.0000 30.0000 10.0000 0
18.1215 29.1915 10.0571 1
17.0000 30.0000 36.0000 0
17.8805 29.5792 36.0104 1
17.0000 31.0000 12.0000 0
15.9973 32.0405 12.1745 1
18.0000 17.0000 9.0000 0
19.3737 17.7538 8.9587 1
18.0000 17.0000 40.0000 0
18.4059 16.5537 38.8242 1
18.0000 18.0000 11.0000 0
19.9214 19.5559 11.2959 1
18.0000 18.0000 14.0000 0
16.9256 17.0727 14.2040 1
18.0000 18.0000 34.0000 0
16.2794 16.1655 33.4360 1
18.0000 19.0000 31.0000 0
18.7858 19.7785 31.4260 1
18.0000 20.0000 5.0000 0
17.4578 20.5145 6.5791 1
18.0000 22.0000 19.0000 0
17.5930 22.4652 18.4095 1
18.0000 23.0000 27.0000 0
20.4631 23.3739 27.9546 1
18.0000 25.0000 3.0000 0
18.4141 26.2989 2.3096 1
18.0000 25.0000 21.0000 0
18.9554 23.7645 24.0972 1
18.0000 25.0000 23.0000 0
20.7976 25.4543 22.4495 1
18.0000 26.0000 26.0000 0
18.3311 28.5474 26.8002 1
18.0000 28.0000 46.0000 0
17.1175 28.1653 47.5073 1
18.0000 29.0000 19.0000 0
19.4924 28.1395 18.3608 1
18.0000 30.0000 41.0000 0
16.4651 31.0315 41.1967 1
18.0000 31.0000 16.0000 0
16.4058 33.0002 16.0978 1
19.0000 17.0000 34.0000 0
19.9907 18.1504 34.3294 1
19.0000 17.0000 35.0000 0
18.6865 17.3814 34.1165 1
19.0000 17.0000 38.0000 0
19.7178 17.9680 38.0153 1
19.0000 18.0000 43.0000 0
18.9969 18.5006 43.5546 1
19.0000 19.0000 6.0000 0
17.7512 18.0823 5.6400 1
19.0000 19.0000 17.0000 0
17.6224 17.7920 17.6052 1
19.0000 20.0000 27.0000 0
20.2444 20.8225 27.5412 1
19.0000 20.0000 45.0000 0
17.5808 19.1282 46.5992 1
19.0000 21.0000 20.0000 0
16.6892 19.6899 20.6646 1
19.0000 21.0000 26.0000 0
20.7751 21.8049 26.5486 1
19.0000 22.0000 2.0000 0
19.7763 22.0734 2.3472 1
19.0000 22.0000 25.0000 0
21.1638 22.7321 25.3686 1
19.0000 23.0000 23.0000 0
18.8928 23.1974 22.2279 1
19.0000 23.0000 24.0000 0
21.2532 23.6191 24.0295 1
19.0000 24.0000 47.0000 0
20.5530 24.0479 45.3134 1
19.0000 27.0000 2.0000 0
18.4451 26.0809 2.3168 1
19.0000 28.0000 2.0000 0
19.2675 28.5008 1.8755 1
19.0000 28.0000 46.0000 0
17.9876 28.2571 47.7448 1
19.0000 29.0000 27.0000 0
18.1246 28.0819 26.6650 1
19.0000 29.0000 46.0000 0
18.3928 29.2314 47.0148 1
19.0000 31.0000 14.0000 0
17.4041 33.3400 14.0354 1
19.0000 32.0000 41.0000 0
18.5335 32.4204 41.1544 1
19.0000 33.0000 40.0000 0
18.7332 32.2048 40.7535 1
20.0000 17.0000 33.0000 0
20.6957 17.0680 31.9090 1
20.0000 18.0000 17.0000 0
18.6468 16.2104 17.6226 1
20.0000 28.0000 26.0000 0
18.4886 25.2255 24.9267 1
20.0000 31.0000 17.0000 0
20.5980 31.3100 17.3203 1
20.0000 32.0000 6.0000 0
20.8990 32.4202 5.8984 1
20.0000 32.0000 13.0000 0
18.5197 34.7603 13.0270 1
20.0000 32.0000 17.0000 0
18.6355 31.0260 16.2047 1
21.0000 16.0000 10.0000 0
18.5056 17.3938 9.5655 1
21.0000 16.0000 36.0000 0
21.6109 15.6191 36.6567 1
21.0000 18.0000 4.0000 0
20.1268 16.5636 3.6963 1
21.0000 19.0000 2.0000 0
21.4186 19.5406 2.3992 1
21.0000 19.0000 46.0000 0
20.6023 19.2824 45.9930 1
21.0000 20.0000 24.0000 0
18.9020 17.8059 24.2380 1
21.0000 27.0000 1.0000 0
21.4412 26.5514 2.4234 1
21.0000 30.0000 24.0000 0
21.7841 28.6023 23.7914 1
21.0000 31.0000 28.0000 0
21.6846 29.1082 28.8921 1
21.0000 31.0000 31.0000 0
21.3491 30.9627 30.2294 1
21.0000 31.0000 46.0000 0
20.1855 30.5433 45.9523 1
22.0000 15.0000 12.0000 0
22.7682 14.8694 12.5556 1
22.0000 15.0000 37.0000 0
22.3565 14.8320 37.1874 1
22.0000 15.0000 38.0000 0
21.4174 13.3681 37.8911 1
22.0000 16.0000 44.0000 0
22.5020 16.7791 43.2190 1
22.0000 18.0000 3.0000 0
21.2877 18.2355 3.0775 1
22.0000 19.0000 22.0000 0
20.7970 19.7508 22.5236 1
22.0000 19.0000 28.0000 0
20.7387 16.5408 27.3797 1
22.0000 23.0000 48.0000 0
21.0636 22.5185 49.8930 1
22.0000 25.0000 49.0000 0
21.5491 24.9576 50.4252 1
22.0000 29.0000 48.0000 0
22.2823 28.6260 47.2775 1
22.0000 30.0000 2.0000 0
22.1838 30.0678 2.0569 1
22.0000 30.0000 27.0000 0
20.8961 29.7249 27.2587 1
22.0000 32.0000 6.0000 0
22.3278 32.3907 6.3692 1
22.0000 33.0000 13.0000 0
19.7121 31.9251 13.9998 1
22.0000 33.0000 37.0000 0
21.4796 32.7250 37.4946 1
23.0000 15.0000 9.0000 0
23.2437 16.6763 9.1695 1
23.0000 16.0000 6.0000 0
23.3660 15.8076 6.3565 1
23.0000 17.0000 20.0000 0
24.0591 16.7852 19.3190 1
23.0000 17.0000 29.0000 0
25.0484 16.8982 29.0698 1
23.0000 25.0000 49.0000 0
23.6044 24.6942 49.1308 1
23.0000 29.0000 1.0000 0
23.0537 28.2800 1.9248 1
23.0000 30.0000 26.0000 0
21.7113 29.7112 26.3839 1
23.0000 32.0000 29.0000 0
22.8001 33.3356 28.1940 1
23.0000 33.0000 41.0000 0
22.7518 34.0190 41.3099 1
23.0000 34.0000 12.0000 0
22.0764 33.5963 12.6600 1
24.0000 15.0000 9.0000 0
24.6647 15.0261 8.8937 1
24.0000 16.0000 17.0000 0
23.7652 18.2239 16.5216 1
24.0000 17.0000 29.0000 0
26.4799 17.1297 29.4045 1
24.0000 18.0000 23.0000 0
24.6109 17.8420 22.2765 1
24.0000 18.0000 25.0000 0
24.2954 19.4744 24.9961 1
24.0000 23.0000 49.0000 0
24.2253 23.0843 47.4705 1
24.0000 26.0000 0.0000 0
24.8072 25.3787 -0.2078 1
24.0000 30.0000 2.0000 0
24.5336 30.1858 2.2145 1
24.0000 31.0000 26.0000 0
25.2479 31.1323 25.4517 1
24.0000 31.0000 29.0000 0
24.2042 33.5730 28.3580 1
24.0000 32.0000 19.0000 0
24.1467 30.5580 18.8742 1
24.0000 32.0000 45.0000 0
23.8974 32.6628 45.8506 1
24.0000 33.0000 44.0000 0
24.1967 32.4684 43.5590 1
24.0000 34.0000 8.0000 0
25.0526 33.9633 8.6025 1
24.0000 34.0000 36.0000 0
24.2834 34.0447 35.7979 1
25.0000 16.0000 18.0000 0
24.9356 15.9638 17.9348 1
25.0000 18.0000 46.0000 0
25.1543 17.8636 45.9044 1
25.0000 24.0000 0.0000 0
24.6610 23.7628 1.3933 1
25.0000 24.0000 49.0000 0
27.0221 23.9633 48.9058 1
25.0000 31.0000 26.0000 0
26.1916 30.9245 25.2764 1
25.0000 34.0000 8.0000 0
23.5605 34.2276 7.4065 1
26.0000 15.0000 41.0000 0
26.9858 15.0034 40.9816 1
26.0000 17.0000 20.0000 0
25.3340 17.0040 20.6607 1
26.0000 18.0000 21.0000 0
24.9819 20.8543 19.6090 1
26.0000 18.0000 29.0000 0
28.8939 18.3037 29.6705 1
26.0000 31.0000 4.0000 0
25.6255 29.6681 5.2316 1
26.0000 31.0000 24.0000 0
26.6003 30.9359 23.2925 1
26.0000 31.0000 28.0000 0
26.2841 30.9766 28.1868 1
26.0000 31.0000 46.0000 0
27.2090 30.4906 46.0701 1
27.0000 15.0000 12.0000 0
27.4191 13.7522 12.1732 1
27.0000 16.0000 15.0000 0
26.1287 15.4933 13.7303 1
27.0000 16.0000 34.0000 0
27.2997 16.5407 32.9526 1
27.0000 17.0000 19.0000 0
25.9361 19.1418 18.2064 1
27.0000 17.0000 32.0000 0
27.3857 15.6070 31.3961 1
27.0000 17.0000 44.0000 0
26.5562 17.0309 44.2876 1
27.0000 18.0000 4.0000 0
27.9442 16.3987 2.6347 1
27.0000 18.0000 29.0000 0
26.3564 20.5540 29.6033 1
27.0000 30.0000 25.0000 0
25.3348 27.0674 24.6886 1
27.0000 33.0000 8.0000 0
26.3833 33.0893 7.5866 1
27.0000 33.0000 9.0000 0
26.2977 33.1146 8.4913 1
27.0000 33.0000 14.0000 0
26.6793 33.3839 12.5010 1
27.0000 33.0000 16.0000 0
26.4533 31.6275 15.8729 1
27.0000 33.0000 36.0000 0
26.4397 32.1231 35.9977 1
27.0000 34.0000 13.0000 0
27.2522 34.5431 13.1201 1
28.0000 16.0000 6.0000 0
26.8896 17.1080 6.4220 1
28.0000 16.0000 7.0000 0
27.2585 17.0900 7.3366 1
28.0000 16.0000 16.0000 0
27.6709 15.6115 15.2740 1
28.0000 17.0000 32.0000 0
28.1814 17.3243 31.5235 1
28.0000 17.0000 43.0000 0
27.4310 16.9575 43.3959 1
28.0000 18.0000 18.0000 0
28.2094 17.7143 16.9846 1
28.0000 18.0000 20.0000 0
27.7517 17.6844 19.5369 1
28.0000 18.0000 29.0000 0
27.2043 20.2710 29.6382 1
28.0000 19.0000 22.0000 0
26.8000 20.6591 21.4025 1
28.0000 23.0000 48.0000 0
29.9886 23.0044 47.1167 1
28.0000 25.0000 1.0000 0
27.0347 24.9184 2.7684 1
28.0000 28.0000 1.0000 0
26.5228 28.6555 0.4642 1
28.0000 29.0000 23.0000 0
26.3368 26.7625 22.4286 1
28.0000 29.0000 24.0000 0
26.1672 26.7012 23.4591 1
28.0000 30.0000 46.0000 0
26.2900 31.0844 45.9848 1
28.0000 33.0000 16.0000 0
26.8414 33.8677 15.0748 1
29.0000 16.0000 11.0000 0
29.4845 16.2472 9.0663 1
29.0000 16.0000 35.0000 0
29.3528 15.4268 34.7071 1
29.0000 17.0000 6.0000 0
28.4813 17.7432 6.5205 1
29.0000 17.0000 15.0000 0
29.0907 16.9095 13.9011 1
29.0000 17.0000 16.0000 0
30.1347 15.4543 16.3301 1
29.0000 17.0000 17.0000 0
29.7208 15.7595 17.3780 1
29.0000 21.0000 2.0000 0
29.9101 20.6372 1.2620 1
29.0000 21.0000 22.0000 0
27.5277 22.1383 21.5768 1
29.0000 22.0000 2.0000 0
29.8525 21.6605 1.0209 1
29.0000 22.0000 47.0000 0
29.6286 22.2246 46.7603 1
29.0000 28.0000 47.0000 0
27.1116 28.9440 47.5977 1
29.0000 31.0000 17.0000 0
26.9805 32.5726 16.4523 1
29.0000 31.0000 31.0000 0
28.6675 31.0754 30.7852 1
29.0000 32.0000 6.0000 0
28.5986 32.5200 6.6265 1
29.0000 33.0000 9.0000 0
28.4582 31.9019 9.1569 1
29.0000 33.0000 10.0000 0
28.3016 31.9857 10.1189 1
30.0000 17.0000 8.0000 0
30.7097 16.0089 7.7337 1
30.0000 17.0000 9.0000 0
30.6169 16.2388 8.9076 1
30.0000 18.0000 15.0000 0
28.0134 19.9715 14.6751 1
30.0000 19.0000 32.0000 0
28.2478 20.6740 32.4903 1
30.0000 21.0000 24.0000 0
27.1032 22.0424 24.1629 1
30.0000 22.0000 21.0000 0
30.0764 21.8131 20.4891 1
30.0000 22.0000 24.0000 0
33.2807 21.0408 23.8650 1
30.0000 22.0000 47.0000 0
29.3418 21.8437 45.4394 1
30.0000 23.0000 2.0000 0
30.8559 22.7622 1.1236 1
30.0000 26.0000 2.0000 0
28.8367 25.9357 3.1756 1
30.0000 26.0000 25.0000 0
32.3993 26.7435 24.7924 1
30.0000 27.0000 27.0000 0
32.2377 28.1156 26.5923 1
30.0000 27.0000 46.0000 0
28.9388 26.5686 44.2987 1
30.0000 28.0000 2.0000 0
28.9575 27.8718 2.9912 1
30.0000 28.0000 22.0000 0
29.0471 27.4729 21.5142 1
30.0000 28.0000 28.0000 0
31.7846 29.1473 27.4715 1
30.0000 30.0000 17.0000 0
28.6212 28.4981 16.6453 1
30.0000 31.0000 17.0000 0
28.4562 32.5992 16.6004 1
30.0000 32.0000 11.0000 0
28.8087 30.7732 10.9923 1
31.0000 17.0000 40.0000 0
30.6498 16.3574 40.0238 1
31.0000 20.0000 5.0000 0
30.1319 21.0939 6.5719 1
31.0000 20.0000 19.0000 0
29.0409 21.0431 18.4697 1
31.0000 21.0000 18.0000 0
30.6284 20.5742 18.6416 1
31.0000 23.0000 20.0000 0
33.1204 22.3823 20.6999 1
31.0000 23.0000 25.0000 0
34.0442 22.6195 24.6270 1
31.0000 25.0000 27.0000 0
32.9634 25.4178 26.6788 1
31.0000 25.0000 28.0000 0
33.5644 25.4670 27.4701 1
31.0000 26.0000 4.0000 0
29.3546 25.8727 5.0145 1
31.0000 26.0000 46.0000 0
30.0547 25.8261 45.0563 1
31.0000 27.0000 3.0000 0
32.3840 27.1009 2.0228 1
31.0000 28.0000 44.0000 0
32.0359 28.4468 44.5261 1
31.0000 29.0000 5.0000 0
31.8403 29.5142 4.4643 1
31.0000 29.0000 19.0000 0
30.7798 29.6551 17.2991 1
31.0000 30.0000 17.0000 0
32.3640 31.7911 17.2130 1
31.0000 30.0000 44.0000 0
30.3275 31.8012 43.1803 1
31.0000 31.0000 39.0000 0
30.3457 30.2655 38.8731 1
32.0000 20.0000 40.0000 0
33.3201 19.2835 40.0132 1
32.0000 21.0000 31.0000 0
31.6083 20.2684 30.8604 1
32.0000 21.0000 32.0000 0
30.2999 21.8431 32.7732 1
32.0000 22.0000 6.0000 0
32.3890 22.7962 6.4908 1
32.0000 23.0000 31.0000 0
33.2771 22.7688 30.2628 1
32.0000 25.0000 44.0000 0
32.7286 23.6026 42.9321 1
32.0000 26.0000 45.0000 0
32.6708 24.8805 44.2588 1
32.0000 27.0000 31.0000 0
30.3995 26.7526 31.7579 1
32.0000 28.0000 31.0000 0
30.9703 27.8687 31.6035 1
32.0000 29.0000 6.0000 0
31.8237 28.5142 4.9693 1
32.0000 29.0000 8.0000 0
32.9716 29.6421 7.8986 1
32.0000 29.0000 16.0000 0
30.9684 28.0260 15.9017 1
32.0000 29.0000 44.0000 0
32.5714 29.2621 44.5195 1
32.0000 30.0000 37.0000 0
30.8079 29.0883 37.0096 1
33.0000 22.0000 7.0000 0
34.1532 23.1402 8.9127 1
33.0000 22.0000 16.0000 0
33.9745 23.5897 14.5713 1
33.0000 23.0000 16.0000 0
33.7740 24.8279 14.3742 1
33.0000 23.0000 43.0000 0
33.8273 21.8544 41.2424 1
33.0000 23.0000 44.0000 0
34.7388 23.5470 44.6610 1
33.0000 24.0000 15.0000 0
33.4457 25.7919 13.1278 1
33.0000 24.0000 34.0000 0
34.8592 24.1055 33.3060 1
33.0000 25.0000 5.0000 0
32.1358 25.0280 5.7001 1
33.0000 26.0000 34.0000 0
34.7711 26.3686 33.2112 1
33.0000 26.0000 41.0000 0
30.4081 25.1031 40.1941 1
33.0000 28.0000 12.0000 0
35.0176 29.0328 11.9967 1
34.0000 22.0000 9.0000 0
33.4067 21.1121 7.3743 1
34.0000 23.0000 39.0000 0
34.7286 22.9899 38.9958 1
34.0000 24.0000 10.0000 0
34.1978 25.0587 11.7378 1
34.0000 24.0000 12.0000 0
35.7063 24.0429 12.0699 1
34.0000 25.0000 37.0000 0
34.2027 25.0657 38.9087 1
34.0000 26.0000 12.0000 0
35.7434 26.4326 11.9865 1
34.0000 26.0000 39.0000 0
34.4252 25.7759 37.1576 1
